     0.00195312         -0.01923481
     0.00585938         -0.05517168
     0.00976562         -0.08761587
     0.01367188         -0.11570814
     0.01757812         -0.13922921
     0.02148438         -0.15861454
     0.02539062         -0.17468633
     0.02929688         -0.18833845
     0.03320312         -0.20031487
     0.03710938         -0.21112156
     0.04101562         -0.22104088
     0.04492188         -0.23019387
     0.04882812         -0.23860629
     0.05273438         -0.24625816
     0.05664062         -0.25311341
     0.06054688         -0.25913550
     0.06445312         -0.26429504
     0.06835938         -0.26857333
     0.07226562         -0.27196353
     0.07617188         -0.27447113
     0.08007812         -0.27611393
     0.08398438         -0.27692174
     0.08789062         -0.27693563
     0.09179688         -0.27620694
     0.09570312         -0.27479604
     0.09960938         -0.27277086
     0.10351562         -0.27020518
     0.10742188         -0.26717657
     0.11132812         -0.26376446
     0.11523438         -0.26004808
     0.11914062         -0.25610450
     0.12304688         -0.25200682
     0.12695312         -0.24782249
     0.13085938         -0.24361194
     0.13476562         -0.23942760
     0.13867188         -0.23531323
     0.14257812         -0.23130364
     0.14648438         -0.22742480
     0.15039062         -0.22369421
     0.15429688         -0.22012168
     0.15820312         -0.21671024
     0.16210938         -0.21345720
     0.16601562         -0.21035532
     0.16992188         -0.20739391
     0.17382812         -0.20455989
     0.17773438         -0.20183882
     0.18164062         -0.19921569
     0.18554688         -0.19667563
     0.18945312         -0.19420445
     0.19335938         -0.19178904
     0.19726562         -0.18941763
     0.20117188         -0.18707990
     0.20507812         -0.18476710
     0.20898438         -0.18247193
     0.21289062         -0.18018855
     0.21679688         -0.17791235
     0.22070312         -0.17563992
     0.22460938         -0.17336879
     0.22851562         -0.17109734
     0.23242188         -0.16882461
     0.23632812         -0.16655018
     0.24023438         -0.16427404
     0.24414062         -0.16199649
     0.24804688         -0.15971801
     0.25195312         -0.15743926
     0.25585938         -0.15516092
     0.25976562         -0.15288373
     0.26367188         -0.15060840
     0.26757812         -0.14833560
     0.27148438         -0.14606593
     0.27539062         -0.14379996
     0.27929688         -0.14153813
     0.28320312         -0.13928083
     0.28710938         -0.13702838
     0.29101562         -0.13478101
     0.29492188         -0.13253888
     0.29882812         -0.13030210
     0.30273438         -0.12807071
     0.30664062         -0.12584470
     0.31054688         -0.12362404
     0.31445312         -0.12140863
     0.31835938         -0.11919837
     0.32226562         -0.11699312
     0.32617188         -0.11479273
     0.33007812         -0.11259703
     0.33398438         -0.11040583
     0.33789062         -0.10821896
     0.34179688         -0.10603622
     0.34570312         -0.10385743
     0.34960938         -0.10168239
     0.35351562         -0.09951092
     0.35742188         -0.09734283
     0.36132812         -0.09517794
     0.36523438         -0.09301608
     0.36914062         -0.09085708
     0.37304688         -0.08870078
     0.37695312         -0.08654701
     0.38085938         -0.08439561
     0.38476562         -0.08224645
     0.38867188         -0.08009937
     0.39257812         -0.07795422
     0.39648438         -0.07581087
     0.40039062         -0.07366918
     0.40429688         -0.07152901
     0.40820312         -0.06939023
     0.41210938         -0.06725271
     0.41601562         -0.06511632
     0.41992188         -0.06298092
     0.42382812         -0.06084638
     0.42773438         -0.05871257
     0.43164062         -0.05657937
     0.43554688         -0.05444663
     0.43945312         -0.05231424
     0.44335938         -0.05018204
     0.44726562         -0.04804992
     0.45117188         -0.04591773
     0.45507812         -0.04378534
     0.45898438         -0.04165261
     0.46289062         -0.03951941
     0.46679688         -0.03738559
     0.47070312         -0.03525102
     0.47460938         -0.03311555
     0.47851562         -0.03097903
     0.48242188         -0.02884132
     0.48632812         -0.02670227
     0.49023438         -0.02456173
     0.49414062         -0.02241956
     0.49804688         -0.02027559
     0.50195312         -0.01812967
     0.50585938         -0.01598166
     0.50976562         -0.01383139
     0.51367188         -0.01167872
     0.51757812         -0.00952349
     0.52148438         -0.00736558
     0.52539062         -0.00520484
     0.52929688         -0.00304117
     0.53320312         -0.00087449
     0.53710938          0.00129524
     0.54101562          0.00346811
     0.54492188          0.00564429
     0.54882812          0.00782397
     0.55273438          0.01000733
     0.55664062          0.01219453
     0.56054688          0.01438576
     0.56445312          0.01658119
     0.56835938          0.01878101
     0.57226562          0.02098541
     0.57617188          0.02319456
     0.58007812          0.02540866
     0.58398438          0.02762790
     0.58789062          0.02985247
     0.59179688          0.03208259
     0.59570312          0.03431846
     0.59960938          0.03656029
     0.60351562          0.03880831
     0.60742188          0.04106272
     0.61132812          0.04332377
     0.61523438          0.04559169
     0.61914062          0.04786671
     0.62304688          0.05014909
     0.62695312          0.05243906
     0.63085938          0.05473690
     0.63476562          0.05704285
     0.63867188          0.05935718
     0.64257812          0.06168018
     0.64648438          0.06401211
     0.65039062          0.06635325
     0.65429688          0.06870390
     0.65820312          0.07106435
     0.66210938          0.07343489
     0.66601562          0.07581582
     0.66992188          0.07820746
     0.67382812          0.08061011
     0.67773438          0.08302408
     0.68164062          0.08544968
     0.68554688          0.08788724
     0.68945312          0.09033708
     0.69335938          0.09279952
     0.69726562          0.09527487
     0.70117188          0.09776346
     0.70507812          0.10026561
     0.70898438          0.10278166
     0.71289062          0.10531192
     0.71679688          0.10785673
     0.72070312          0.11041641
     0.72460938          0.11299131
     0.72851562          0.11558177
     0.73242188          0.11818814
     0.73632812          0.12081081
     0.74023438          0.12345016
     0.74414062          0.12610660
     0.74804688          0.12878060
     0.75195312          0.13147262
     0.75585938          0.13418321
     0.75976562          0.13691295
     0.76367188          0.13966247
     0.76757812          0.14243250
     0.77148438          0.14522382
     0.77539062          0.14803728
     0.77929688          0.15087386
     0.78320312          0.15373458
     0.78710938          0.15662056
     0.79101562          0.15953301
     0.79492188          0.16247320
     0.79882812          0.16544246
     0.80273438          0.16844217
     0.80664062          0.17147368
     0.81054688          0.17453835
     0.81445312          0.17763746
     0.81835938          0.18077216
     0.82226562          0.18394343
     0.82617188          0.18715201
     0.83007812          0.19039830
     0.83398438          0.19368232
     0.83789062          0.19700360
     0.84179688          0.20036107
     0.84570312          0.20375302
     0.84960938          0.20717696
     0.85351562          0.21062955
     0.85742188          0.21410654
     0.86132812          0.21760263
     0.86523438          0.22111148
     0.86914062          0.22462560
     0.87304688          0.22813633
     0.87695312          0.23163385
     0.88085938          0.23510711
     0.88476562          0.23854391
     0.88867188          0.24193090
     0.89257812          0.24525366
     0.89648438          0.24849675
     0.90039062          0.25164378
     0.90429688          0.25467756
     0.90820312          0.25758019
     0.91210938          0.26033316
     0.91601562          0.26291750
     0.91992188          0.26531389
     0.92382812          0.26750281
     0.92773438          0.26946470
     0.93164062          0.27118009
     0.93554688          0.27263002
     0.93945312          0.27379680
     0.94335938          0.27466587
     0.94726562          0.27523063
     0.95117188          0.27550388
     0.95507812          0.27554423
     0.95898438          0.27551310
     0.96289062          0.27578949
     0.96679688          0.27718355
     0.97070312          0.28129858
     0.97460938          0.29107994
     0.97851562          0.31152848
     0.98242188          0.35040196
     0.98632812          0.41839781
     0.99023438          0.52769361
     0.99414062          0.68690076
     0.99804688          0.89078627
