     0.00195312          0.02098663
     0.00585938          0.05812227
     0.00976562          0.08992037
     0.01367188          0.11612966
     0.01757812          0.13706442
     0.02148438          0.15353692
     0.02539062          0.16660145
     0.02929688          0.17728692
     0.03320312          0.18642174
     0.03710938          0.19457492
     0.04101562          0.20208336
     0.04492188          0.20911652
     0.04882812          0.21574102
     0.05273438          0.22196936
     0.05664062          0.22778935
     0.06054688          0.23318100
     0.06445312          0.23812338
     0.06835938          0.24259868
     0.07226562          0.24659356
     0.07617188          0.25009908
     0.08007812          0.25311088
     0.08398438          0.25562912
     0.08789062          0.25765823
     0.09179688          0.25920657
     0.09570312          0.26028614
     0.09960938          0.26091226
     0.10351562          0.26110330
     0.10742188          0.26088032
     0.11132812          0.26026675
     0.11523438          0.25928804
     0.11914062          0.25797123
     0.12304688          0.25634465
     0.12695312          0.25443749
     0.13085938          0.25227944
     0.13476562          0.24990030
     0.13867188          0.24732958
     0.14257812          0.24459614
     0.14648438          0.24172784
     0.15039062          0.23875120
     0.15429688          0.23569112
     0.15820312          0.23257059
     0.16210938          0.22941055
     0.16601562          0.22622966
     0.16992188          0.22304427
     0.17382812          0.21986832
     0.17773438          0.21671343
     0.18164062          0.21358888
     0.18554688          0.21050180
     0.18945312          0.20745730
     0.19335938          0.20445866
     0.19726562          0.20150752
     0.20117188          0.19860416
     0.20507812          0.19574768
     0.20898438          0.19293628
     0.21289062          0.19016742
     0.21679688          0.18743809
     0.22070312          0.18474496
     0.22460938          0.18208454
     0.22851562          0.17945333
     0.23242188          0.17684794
     0.23632812          0.17426513
     0.24023438          0.17170196
     0.24414062          0.16915573
     0.24804688          0.16662408
     0.25195312          0.16410496
     0.25585938          0.16159664
     0.25976562          0.15909770
     0.26367188          0.15660699
     0.26757812          0.15412359
     0.27148438          0.15164683
     0.27539062          0.14917621
     0.27929688          0.14671138
     0.28320312          0.14425213
     0.28710938          0.14179834
     0.29101562          0.13934996
     0.29492188          0.13690699
     0.29882812          0.13446947
     0.30273438          0.13203744
     0.30664062          0.12961097
     0.31054688          0.12719010
     0.31445312          0.12477487
     0.31835938          0.12236530
     0.32226562          0.11996139
     0.32617188          0.11756312
     0.33007812          0.11517044
     0.33398438          0.11278329
     0.33789062          0.11040159
     0.34179688          0.10802523
     0.34570312          0.10565410
     0.34960938          0.10328806
     0.35351562          0.10092696
     0.35742188          0.09857066
     0.36132812          0.09621899
     0.36523438          0.09387179
     0.36914062          0.09152889
     0.37304688          0.08919011
     0.37695312          0.08685529
     0.38085938          0.08452424
     0.38476562          0.08219680
     0.38867188          0.07987279
     0.39257812          0.07755204
     0.39648438          0.07523438
     0.40039062          0.07291965
     0.40429688          0.07060768
     0.40820312          0.06829831
     0.41210938          0.06599137
     0.41601562          0.06368670
     0.41992188          0.06138415
     0.42382812          0.05908357
     0.42773438          0.05678479
     0.43164062          0.05448766
     0.43554688          0.05219204
     0.43945312          0.04989776
     0.44335938          0.04760467
     0.44726562          0.04531264
     0.45117188          0.04302150
     0.45507812          0.04073111
     0.45898438          0.03844132
     0.46289062          0.03615199
     0.46679688          0.03386296
     0.47070312          0.03157410
     0.47460938          0.02928527
     0.47851562          0.02699631
     0.48242188          0.02470710
     0.48632812          0.02241751
     0.49023438          0.02012738
     0.49414062          0.01783661
     0.49804688          0.01554506
     0.50195312          0.01325261
     0.50585938          0.01095915
     0.50976562          0.00866457
     0.51367188          0.00636875
     0.51757812          0.00407159
     0.52148438          0.00177299
     0.52539062         -0.00052715
     0.52929688         -0.00282897
     0.53320312         -0.00513266
     0.53710938         -0.00743840
     0.54101562         -0.00974635
     0.54492188         -0.01205666
     0.54882812         -0.01436948
     0.55273438         -0.01668497
     0.55664062         -0.01900329
     0.56054688         -0.02132459
     0.56445312         -0.02364904
     0.56835938         -0.02597680
     0.57226562         -0.02830805
     0.57617188         -0.03064294
     0.58007812         -0.03298165
     0.58398438         -0.03532436
     0.58789062         -0.03767124
     0.59179688         -0.04002246
     0.59570312         -0.04237821
     0.59960938         -0.04473867
     0.60351562         -0.04710401
     0.60742188         -0.04947443
     0.61132812         -0.05185011
     0.61523438         -0.05423123
     0.61914062         -0.05661799
     0.62304688         -0.05901059
     0.62695312         -0.06140920
     0.63085938         -0.06381404
     0.63476562         -0.06622530
     0.63867188         -0.06864316
     0.64257812         -0.07106785
     0.64648438         -0.07349954
     0.65039062         -0.07593845
     0.65429688         -0.07838479
     0.65820312         -0.08083874
     0.66210938         -0.08330052
     0.66601562         -0.08577033
     0.66992188         -0.08824838
     0.67382812         -0.09073489
     0.67773438         -0.09323006
     0.68164062         -0.09573411
     0.68554688         -0.09824726
     0.68945312         -0.10076975
     0.69335938         -0.10330179
     0.69726562         -0.10584365
     0.70117188         -0.10839556
     0.70507812         -0.11095779
     0.70898438         -0.11353063
     0.71289062         -0.11611436
     0.71679688         -0.11870929
     0.72070312         -0.12131576
     0.72460938         -0.12393411
     0.72851562         -0.12656471
     0.73242188         -0.12920796
     0.73632812         -0.13186427
     0.74023438         -0.13453408
     0.74414062         -0.13721784
     0.74804688         -0.13991602
     0.75195312         -0.14262911
     0.75585938         -0.14535760
     0.75976562         -0.14810196
     0.76367188         -0.15086267
     0.76757812         -0.15364018
     0.77148438         -0.15643488
     0.77539062         -0.15924712
     0.77929688         -0.16207718
     0.78320312         -0.16492521
     0.78710938         -0.16779125
     0.79101562         -0.17067520
     0.79492188         -0.17357675
     0.79882812         -0.17649539
     0.80273438         -0.17943035
     0.80664062         -0.18238058
     0.81054688         -0.18534472
     0.81445312         -0.18832104
     0.81835938         -0.19130741
     0.82226562         -0.19430131
     0.82617188         -0.19729972
     0.83007812         -0.20029919
     0.83398438         -0.20329573
     0.83789062         -0.20628485
     0.84179688         -0.20926154
     0.84570312         -0.21222030
     0.84960938         -0.21515513
     0.85351562         -0.21805962
     0.85742188         -0.22092706
     0.86132812         -0.22375055
     0.86523438         -0.22652328
     0.86914062         -0.22923888
     0.87304688         -0.23189200
     0.87695312         -0.23447918
     0.88085938         -0.23700012
     0.88476562         -0.23945970
     0.88867188         -0.24187083
     0.89257812         -0.24425876
     0.89648438         -0.24666705
     0.90039062         -0.24916583
     0.90429688         -0.25186243
     0.90820312         -0.25491435
     0.91210938         -0.25854302
     0.91601562         -0.26304552
     0.91992188         -0.26879880
     0.92382812         -0.27624814
     0.92773438         -0.28587001
     0.93164062         -0.29810039
     0.93554688         -0.31322556
     0.93945312         -0.33124342
     0.94335938         -0.35171698
     0.94726562         -0.37365204
     0.95117188         -0.39543337
     0.95507812         -0.41484732
     0.95898438         -0.42920720
     0.96289062         -0.43558608
     0.96679688         -0.43115126
     0.97070312         -0.41358372
     0.97460938         -0.38155040
     0.97851562         -0.33517493
     0.98242188         -0.27642412
     0.98632812         -0.20929328
     0.99023438         -0.13962576
     0.99414062         -0.07433993
     0.99804688         -0.01987664
