     0.00390625         -0.02311678
     0.01171875         -0.06279751
     0.01953125         -0.09359384
     0.02734375         -0.11628062
     0.03515625         -0.13352813
     0.04296875         -0.14772142
     0.05078125         -0.16016832
     0.05859375         -0.17132095
     0.06640625         -0.18121241
     0.07421875         -0.18973946
     0.08203125         -0.19678272
     0.08984375         -0.20224962
     0.09765625         -0.20608911
     0.10546875         -0.20829722
     0.11328125         -0.20891885
     0.12109375         -0.20804679
     0.12890625         -0.20581805
     0.13671875         -0.20240745
     0.14453125         -0.19801871
     0.15234375         -0.19287324
     0.16015625         -0.18719794
     0.16796875         -0.18121158
     0.17578125         -0.17511238
     0.18359375         -0.16906779
     0.19140625         -0.16320753
     0.19921875         -0.15762060
     0.20703125         -0.15235639
     0.21484375         -0.14742935
     0.22265625         -0.14282605
     0.23046875         -0.13851345
     0.23828125         -0.13444706
     0.24609375         -0.13057809
     0.25390625         -0.12685894
     0.26171875         -0.12324701
     0.26953125         -0.11970668
     0.27734375         -0.11621015
     0.28515625         -0.11273706
     0.29296875         -0.10927366
     0.30078125         -0.10581160
     0.30859375         -0.10234665
     0.31640625         -0.09887754
     0.32421875         -0.09540492
     0.33203125         -0.09193058
     0.33984375         -0.08845678
     0.34765625         -0.08498587
     0.35546875         -0.08152000
     0.36328125         -0.07806092
     0.37109375         -0.07460994
     0.37890625         -0.07116791
     0.38671875         -0.06773521
     0.39453125         -0.06431184
     0.40234375         -0.06089745
     0.41015625         -0.05749140
     0.41796875         -0.05409286
     0.42578125         -0.05070082
     0.43359375         -0.04731418
     0.44140625         -0.04393177
     0.44921875         -0.04055236
     0.45703125         -0.03717474
     0.46484375         -0.03379769
     0.47265625         -0.03041999
     0.48046875         -0.02704044
     0.48828125         -0.02365782
     0.49609375         -0.02027096
     0.50390625         -0.01687864
     0.51171875         -0.01347969
     0.51953125         -0.01007293
     0.52734375         -0.00665726
     0.53515625         -0.00323175
     0.54296875          0.00020423
     0.55078125          0.00365073
     0.55859375          0.00710906
     0.56640625          0.01058059
     0.57421875          0.01406669
     0.58203125          0.01756877
     0.58984375          0.02108824
     0.59765625          0.02462651
     0.60546875          0.02818506
     0.61328125          0.03176536
     0.62109375          0.03536891
     0.62890625          0.03899723
     0.63671875          0.04265187
     0.64453125          0.04633438
     0.65234375          0.05004640
     0.66015625          0.05378961
     0.66796875          0.05756583
     0.67578125          0.06137707
     0.68359375          0.06522554
     0.69140625          0.06911382
     0.69921875          0.07304486
     0.70703125          0.07702211
     0.71484375          0.08104954
     0.72265625          0.08513170
     0.73046875          0.08927366
     0.73828125          0.09348100
     0.74609375          0.09775957
     0.75390625          0.10211532
     0.76171875          0.10655392
     0.76953125          0.11108034
     0.77734375          0.11569833
     0.78515625          0.12040978
     0.79296875          0.12521415
     0.80078125          0.13010772
     0.80859375          0.13508302
     0.81640625          0.14012827
     0.82421875          0.14522688
     0.83203125          0.15035722
     0.83984375          0.15549250
     0.84765625          0.16060085
     0.85546875          0.16564561
     0.86328125          0.17058582
     0.87109375          0.17537682
     0.87890625          0.17997102
     0.88671875          0.18431867
     0.89453125          0.18836871
     0.90234375          0.19206953
     0.91015625          0.19536981
     0.91796875          0.19821961
     0.92578125          0.20057328
     0.93359375          0.20240057
     0.94140625          0.20373090
     0.94921875          0.20481756
     0.95703125          0.20668597
     0.96484375          0.21274490
     0.97265625          0.23284384
     0.98046875          0.29167092
     0.98828125          0.44110992
     0.99609375          0.75881543
