     0.00097656          0.00055279
     0.00292969          0.00158039
     0.00488281          0.00253355
     0.00683594          0.00341511
     0.00878906          0.00422747
     0.01074219          0.00497288
     0.01269531          0.00565364
     0.01464844          0.00627219
     0.01660156          0.00683115
     0.01855469          0.00733332
     0.02050781          0.00778174
     0.02246094          0.00817960
     0.02441406          0.00853026
     0.02636719          0.00883720
     0.02832031          0.00910398
     0.03027344          0.00933416
     0.03222656          0.00953126
     0.03417969          0.00969872
     0.03613281          0.00983985
     0.03808594          0.00995778
     0.04003906          0.01005545
     0.04199219          0.01013555
     0.04394531          0.01020057
     0.04589844          0.01025273
     0.04785156          0.01029401
     0.04980469          0.01032617
     0.05175781          0.01035072
     0.05371094          0.01036898
     0.05566406          0.01038208
     0.05761719          0.01039096
     0.05957031          0.01039641
     0.06152344          0.01039908
     0.06347656          0.01039952
     0.06542969          0.01039815
     0.06738281          0.01039534
     0.06933594          0.01039135
     0.07128906          0.01038642
     0.07324219          0.01038071
     0.07519531          0.01037436
     0.07714844          0.01036747
     0.07910156          0.01036012
     0.08105469          0.01035237
     0.08300781          0.01034427
     0.08496094          0.01033585
     0.08691406          0.01032713
     0.08886719          0.01031814
     0.09082031          0.01030889
     0.09277344          0.01029938
     0.09472656          0.01028963
     0.09667969          0.01027964
     0.09863281          0.01026941
     0.10058594          0.01025895
     0.10253906          0.01024826
     0.10449219          0.01023735
     0.10644531          0.01022621
     0.10839844          0.01021484
     0.11035156          0.01020326
     0.11230469          0.01019145
     0.11425781          0.01017943
     0.11621094          0.01016718
     0.11816406          0.01015472
     0.12011719          0.01014204
     0.12207031          0.01012915
     0.12402344          0.01011604
     0.12597656          0.01010273
     0.12792969          0.01008920
     0.12988281          0.01007546
     0.13183594          0.01006151
     0.13378906          0.01004735
     0.13574219          0.01003299
     0.13769531          0.01001842
     0.13964844          0.01000365
     0.14160156          0.00998868
     0.14355469          0.00997350
     0.14550781          0.00995812
     0.14746094          0.00994255
     0.14941406          0.00992678
     0.15136719          0.00991081
     0.15332031          0.00989464
     0.15527344          0.00987828
     0.15722656          0.00986173
     0.15917969          0.00984499
     0.16113281          0.00982805
     0.16308594          0.00981093
     0.16503906          0.00979362
     0.16699219          0.00977612
     0.16894531          0.00975844
     0.17089844          0.00974057
     0.17285156          0.00972252
     0.17480469          0.00970428
     0.17675781          0.00968587
     0.17871094          0.00966727
     0.18066406          0.00964850
     0.18261719          0.00962955
     0.18457031          0.00961043
     0.18652344          0.00959112
     0.18847656          0.00957165
     0.19042969          0.00955200
     0.19238281          0.00953218
     0.19433594          0.00951219
     0.19628906          0.00949203
     0.19824219          0.00947170
     0.20019531          0.00945121
     0.20214844          0.00943055
     0.20410156          0.00940972
     0.20605469          0.00938873
     0.20800781          0.00936757
     0.20996094          0.00934626
     0.21191406          0.00932478
     0.21386719          0.00930314
     0.21582031          0.00928134
     0.21777344          0.00925938
     0.21972656          0.00923727
     0.22167969          0.00921500
     0.22363281          0.00919257
     0.22558594          0.00916999
     0.22753906          0.00914725
     0.22949219          0.00912436
     0.23144531          0.00910132
     0.23339844          0.00907813
     0.23535156          0.00905478
     0.23730469          0.00903129
     0.23925781          0.00900764
     0.24121094          0.00898385
     0.24316406          0.00895990
     0.24511719          0.00893581
     0.24707031          0.00891157
     0.24902344          0.00888719
     0.25097656          0.00886266
     0.25292969          0.00883798
     0.25488281          0.00881316
     0.25683594          0.00878820
     0.25878906          0.00876309
     0.26074219          0.00873783
     0.26269531          0.00871244
     0.26464844          0.00868690
     0.26660156          0.00866121
     0.26855469          0.00863539
     0.27050781          0.00860942
     0.27246094          0.00858331
     0.27441406          0.00855706
     0.27636719          0.00853067
     0.27832031          0.00850414
     0.28027344          0.00847747
     0.28222656          0.00845065
     0.28417969          0.00842369
     0.28613281          0.00839660
     0.28808594          0.00836936
     0.29003906          0.00834198
     0.29199219          0.00831446
     0.29394531          0.00828680
     0.29589844          0.00825899
     0.29785156          0.00823105
     0.29980469          0.00820296
     0.30175781          0.00817473
     0.30371094          0.00814636
     0.30566406          0.00811785
     0.30761719          0.00808919
     0.30957031          0.00806039
     0.31152344          0.00803144
     0.31347656          0.00800235
     0.31542969          0.00797312
     0.31738281          0.00794374
     0.31933594          0.00791421
     0.32128906          0.00788454
     0.32324219          0.00785472
     0.32519531          0.00782475
     0.32714844          0.00779463
     0.32910156          0.00776436
     0.33105469          0.00773394
     0.33300781          0.00770337
     0.33496094          0.00767265
     0.33691406          0.00764177
     0.33886719          0.00761074
     0.34082031          0.00757955
     0.34277344          0.00754820
     0.34472656          0.00751670
     0.34667969          0.00748504
     0.34863281          0.00745322
     0.35058594          0.00742123
     0.35253906          0.00738908
     0.35449219          0.00735677
     0.35644531          0.00732429
     0.35839844          0.00729165
     0.36035156          0.00725883
     0.36230469          0.00722585
     0.36425781          0.00719269
     0.36621094          0.00715935
     0.36816406          0.00712584
     0.37011719          0.00709216
     0.37207031          0.00705829
     0.37402344          0.00702424
     0.37597656          0.00699001
     0.37792969          0.00695559
     0.37988281          0.00692098
     0.38183594          0.00688619
     0.38378906          0.00685120
     0.38574219          0.00681602
     0.38769531          0.00678064
     0.38964844          0.00674506
     0.39160156          0.00670928
     0.39355469          0.00667329
     0.39550781          0.00663710
     0.39746094          0.00660070
     0.39941406          0.00656409
     0.40136719          0.00652726
     0.40332031          0.00649022
     0.40527344          0.00645295
     0.40722656          0.00641546
     0.40917969          0.00637775
     0.41113281          0.00633980
     0.41308594          0.00630163
     0.41503906          0.00626322
     0.41699219          0.00622456
     0.41894531          0.00618567
     0.42089844          0.00614653
     0.42285156          0.00610714
     0.42480469          0.00606750
     0.42675781          0.00602760
     0.42871094          0.00598745
     0.43066406          0.00594703
     0.43261719          0.00590634
     0.43457031          0.00586538
     0.43652344          0.00582415
     0.43847656          0.00578263
     0.44042969          0.00574084
     0.44238281          0.00569875
     0.44433594          0.00565638
     0.44628906          0.00561370
     0.44824219          0.00557073
     0.45019531          0.00552746
     0.45214844          0.00548387
     0.45410156          0.00543997
     0.45605469          0.00539575
     0.45800781          0.00535121
     0.45996094          0.00530634
     0.46191406          0.00526114
     0.46386719          0.00521560
     0.46582031          0.00516972
     0.46777344          0.00512349
     0.46972656          0.00507691
     0.47167969          0.00502996
     0.47363281          0.00498266
     0.47558594          0.00493498
     0.47753906          0.00488693
     0.47949219          0.00483850
     0.48144531          0.00478969
     0.48339844          0.00474048
     0.48535156          0.00469088
     0.48730469          0.00464087
     0.48925781          0.00459046
     0.49121094          0.00453962
     0.49316406          0.00448837
     0.49511719          0.00443669
     0.49707031          0.00438458
     0.49902344          0.00433203
     0.50097656          0.00427903
     0.50292969          0.00422557
     0.50488281          0.00417166
     0.50683594          0.00411728
     0.50878906          0.00406243
     0.51074219          0.00400710
     0.51269531          0.00395129
     0.51464844          0.00389498
     0.51660156          0.00383817
     0.51855469          0.00378085
     0.52050781          0.00372302
     0.52246094          0.00366467
     0.52441406          0.00360579
     0.52636719          0.00354637
     0.52832031          0.00348641
     0.53027344          0.00342590
     0.53222656          0.00336483
     0.53417969          0.00330320
     0.53613281          0.00324099
     0.53808594          0.00317820
     0.54003906          0.00311482
     0.54199219          0.00305085
     0.54394531          0.00298627
     0.54589844          0.00292108
     0.54785156          0.00285527
     0.54980469          0.00278883
     0.55175781          0.00272176
     0.55371094          0.00265404
     0.55566406          0.00258567
     0.55761719          0.00251664
     0.55957031          0.00244695
     0.56152344          0.00237657
     0.56347656          0.00230552
     0.56542969          0.00223377
     0.56738281          0.00216132
     0.56933594          0.00208816
     0.57128906          0.00201428
     0.57324219          0.00193968
     0.57519531          0.00186435
     0.57714844          0.00178827
     0.57910156          0.00171145
     0.58105469          0.00163387
     0.58300781          0.00155552
     0.58496094          0.00147640
     0.58691406          0.00139649
     0.58886719          0.00131580
     0.59082031          0.00123431
     0.59277344          0.00115201
     0.59472656          0.00106890
     0.59667969          0.00098496
     0.59863281          0.00090020
     0.60058594          0.00081460
     0.60253906          0.00072816
     0.60449219          0.00064086
     0.60644531          0.00055271
     0.60839844          0.00046369
     0.61035156          0.00037379
     0.61230469          0.00028301
     0.61425781          0.00019135
     0.61621094          0.00009879
     0.61816406          0.00000533
     0.62011719         -0.00008904
     0.62207031         -0.00018433
     0.62402344         -0.00028053
     0.62597656         -0.00037766
     0.62792969         -0.00047573
     0.62988281         -0.00057473
     0.63183594         -0.00067468
     0.63378906         -0.00077558
     0.63574219         -0.00087744
     0.63769531         -0.00098025
     0.63964844         -0.00108403
     0.64160156         -0.00118878
     0.64355469         -0.00129450
     0.64550781         -0.00140120
     0.64746094         -0.00150888
     0.64941406         -0.00161754
     0.65136719         -0.00172719
     0.65332031         -0.00183783
     0.65527344         -0.00194946
     0.65722656         -0.00206208
     0.65917969         -0.00217570
     0.66113281         -0.00229031
     0.66308594         -0.00240592
     0.66503906         -0.00252252
     0.66699219         -0.00264013
     0.66894531         -0.00275873
     0.67089844         -0.00287832
     0.67285156         -0.00299892
     0.67480469         -0.00312050
     0.67675781         -0.00324307
     0.67871094         -0.00336663
     0.68066406         -0.00349118
     0.68261719         -0.00361671
     0.68457031         -0.00374321
     0.68652344         -0.00387069
     0.68847656         -0.00399913
     0.69042969         -0.00412854
     0.69238281         -0.00425890
     0.69433594         -0.00439020
     0.69628906         -0.00452245
     0.69824219         -0.00465563
     0.70019531         -0.00478973
     0.70214844         -0.00492474
     0.70410156         -0.00506066
     0.70605469         -0.00519747
     0.70800781         -0.00533516
     0.70996094         -0.00547373
     0.71191406         -0.00561314
     0.71386719         -0.00575340
     0.71582031         -0.00589449
     0.71777344         -0.00603640
     0.71972656         -0.00617910
     0.72167969         -0.00632259
     0.72363281         -0.00646684
     0.72558594         -0.00661184
     0.72753906         -0.00675757
     0.72949219         -0.00690401
     0.73144531         -0.00705115
     0.73339844         -0.00719895
     0.73535156         -0.00734740
     0.73730469         -0.00749648
     0.73925781         -0.00764616
     0.74121094         -0.00779642
     0.74316406         -0.00794724
     0.74511719         -0.00809859
     0.74707031         -0.00825045
     0.74902344         -0.00840278
     0.75097656         -0.00855557
     0.75292969         -0.00870878
     0.75488281         -0.00886239
     0.75683594         -0.00901636
     0.75878906         -0.00917067
     0.76074219         -0.00932528
     0.76269531         -0.00948017
     0.76464844         -0.00963530
     0.76660156         -0.00979064
     0.76855469         -0.00994615
     0.77050781         -0.01010181
     0.77246094         -0.01025757
     0.77441406         -0.01041341
     0.77636719         -0.01056928
     0.77832031         -0.01072515
     0.78027344         -0.01088099
     0.78222656         -0.01103675
     0.78417969         -0.01119240
     0.78613281         -0.01134791
     0.78808594         -0.01150322
     0.79003906         -0.01165831
     0.79199219         -0.01181313
     0.79394531         -0.01196764
     0.79589844         -0.01212181
     0.79785156         -0.01227560
     0.79980469         -0.01242895
     0.80175781         -0.01258184
     0.80371094         -0.01273423
     0.80566406         -0.01288606
     0.80761719         -0.01303730
     0.80957031         -0.01318792
     0.81152344         -0.01333786
     0.81347656         -0.01348709
     0.81542969         -0.01363556
     0.81738281         -0.01378324
     0.81933594         -0.01393008
     0.82128906         -0.01407605
     0.82324219         -0.01422110
     0.82519531         -0.01436519
     0.82714844         -0.01450828
     0.82910156         -0.01465034
     0.83105469         -0.01479132
     0.83300781         -0.01493118
     0.83496094         -0.01506989
     0.83691406         -0.01520741
     0.83886719         -0.01534369
     0.84082031         -0.01547871
     0.84277344         -0.01561243
     0.84472656         -0.01574481
     0.84667969         -0.01587581
     0.84863281         -0.01600540
     0.85058594         -0.01613355
     0.85253906         -0.01626023
     0.85449219         -0.01638539
     0.85644531         -0.01650901
     0.85839844         -0.01663107
     0.86035156         -0.01675152
     0.86230469         -0.01687034
     0.86425781         -0.01698750
     0.86621094         -0.01710298
     0.86816406         -0.01721675
     0.87011719         -0.01732877
     0.87207031         -0.01743904
     0.87402344         -0.01754751
     0.87597656         -0.01765418
     0.87792969         -0.01775902
     0.87988281         -0.01786201
     0.88183594         -0.01796312
     0.88378906         -0.01806235
     0.88574219         -0.01815966
     0.88769531         -0.01825505
     0.88964844         -0.01834850
     0.89160156         -0.01843998
     0.89355469         -0.01852949
     0.89550781         -0.01861701
     0.89746094         -0.01870252
     0.89941406         -0.01878601
     0.90136719         -0.01886746
     0.90332031         -0.01894685
     0.90527344         -0.01902415
     0.90722656         -0.01909935
     0.90917969         -0.01917242
     0.91113281         -0.01924331
     0.91308594         -0.01931198
     0.91503906         -0.01937838
     0.91699219         -0.01944243
     0.91894531         -0.01950405
     0.92089844         -0.01956313
     0.92285156         -0.01961952
     0.92480469         -0.01967305
     0.92675781         -0.01972350
     0.92871094         -0.01977061
     0.93066406         -0.01981403
     0.93261719         -0.01985336
     0.93457031         -0.01988810
     0.93652344         -0.01991765
     0.93847656         -0.01994128
     0.94042969         -0.01995812
     0.94238281         -0.01996713
     0.94433594         -0.01996710
     0.94628906         -0.01995660
     0.94824219         -0.01993395
     0.95019531         -0.01989721
     0.95214844         -0.01984415
     0.95410156         -0.01977224
     0.95605469         -0.01967857
     0.95800781         -0.01955989
     0.95996094         -0.01941253
     0.96191406         -0.01923242
     0.96386719         -0.01901508
     0.96582031         -0.01875556
     0.96777344         -0.01844848
     0.96972656         -0.01808801
     0.97167969         -0.01766790
     0.97363281         -0.01718143
     0.97558594         -0.01662150
     0.97753906         -0.01598061
     0.97949219         -0.01525088
     0.98144531         -0.01442408
     0.98339844         -0.01349167
     0.98535156         -0.01244478
     0.98730469         -0.01127432
     0.98925781         -0.00997097
     0.99121094         -0.00852541
     0.99316406         -0.00692848
     0.99511719         -0.00517142
     0.99707031         -0.00324583
     0.99902344         -0.00114342
