     0.00097656         -0.01294172
     0.00292969         -0.03762749
     0.00488281         -0.06100285
     0.00683594         -0.08290274
     0.00878906         -0.10317466
     0.01074219         -0.12172195
     0.01269531         -0.13852477
     0.01464844         -0.15364262
     0.01660156         -0.16720299
     0.01855469         -0.17938142
     0.02050781         -0.19037815
     0.02246094         -0.20039600
     0.02441406         -0.20962243
     0.02636719         -0.21821761
     0.02832031         -0.22630870
     0.03027344         -0.23398928
     0.03222656         -0.24132258
     0.03417969         -0.24834681
     0.03613281         -0.25508104
     0.03808594         -0.26153077
     0.04003906         -0.26769267
     0.04199219         -0.27355812
     0.04394531         -0.27911589
     0.04589844         -0.28435388
     0.04785156         -0.28926031
     0.04980469         -0.29382445
     0.05175781         -0.29803713
     0.05371094         -0.30189099
     0.05566406         -0.30538067
     0.05761719         -0.30850287
     0.05957031         -0.31125641
     0.06152344         -0.31364225
     0.06347656         -0.31566346
     0.06542969         -0.31732523
     0.06738281         -0.31863471
     0.06933594         -0.31960098
     0.07128906         -0.32023489
     0.07324219         -0.32054898
     0.07519531         -0.32055732
     0.07714844         -0.32027532
     0.07910156         -0.31971963
     0.08105469         -0.31890789
     0.08300781         -0.31785860
     0.08496094         -0.31659092
     0.08691406         -0.31512443
     0.08886719         -0.31347899
     0.09082031         -0.31167447
     0.09277344         -0.30973063
     0.09472656         -0.30766688
     0.09667969         -0.30550215
     0.09863281         -0.30325470
     0.10058594         -0.30094199
     0.10253906         -0.29858051
     0.10449219         -0.29618573
     0.10644531         -0.29377196
     0.10839844         -0.29135230
     0.11035156         -0.28893857
     0.11230469         -0.28654130
     0.11425781         -0.28416971
     0.11621094         -0.28183170
     0.11816406         -0.27953391
     0.12011719         -0.27728174
     0.12207031         -0.27507944
     0.12402344         -0.27293012
     0.12597656         -0.27083589
     0.12792969         -0.26879790
     0.12988281         -0.26681648
     0.13183594         -0.26489119
     0.13378906         -0.26302095
     0.13574219         -0.26120410
     0.13769531         -0.25943853
     0.13964844         -0.25772176
     0.14160156         -0.25605101
     0.14355469         -0.25442329
     0.14550781         -0.25283547
     0.14746094         -0.25128436
     0.14941406         -0.24976673
     0.15136719         -0.24827941
     0.15332031         -0.24681927
     0.15527344         -0.24538332
     0.15722656         -0.24396870
     0.15917969         -0.24257270
     0.16113281         -0.24119281
     0.16308594         -0.23982668
     0.16503906         -0.23847219
     0.16699219         -0.23712738
     0.16894531         -0.23579050
     0.17089844         -0.23446001
     0.17285156         -0.23313452
     0.17480469         -0.23181284
     0.17675781         -0.23049395
     0.17871094         -0.22917697
     0.18066406         -0.22786115
     0.18261719         -0.22654592
     0.18457031         -0.22523077
     0.18652344         -0.22391533
     0.18847656         -0.22259932
     0.19042969         -0.22128254
     0.19238281         -0.21996487
     0.19433594         -0.21864623
     0.19628906         -0.21732661
     0.19824219         -0.21600605
     0.20019531         -0.21468461
     0.20214844         -0.21336238
     0.20410156         -0.21203949
     0.20605469         -0.21071606
     0.20800781         -0.20939226
     0.20996094         -0.20806822
     0.21191406         -0.20674410
     0.21386719         -0.20542007
     0.21582031         -0.20409629
     0.21777344         -0.20277289
     0.21972656         -0.20145003
     0.22167969         -0.20012785
     0.22363281         -0.19880648
     0.22558594         -0.19748603
     0.22753906         -0.19616663
     0.22949219         -0.19484836
     0.23144531         -0.19353133
     0.23339844         -0.19221562
     0.23535156         -0.19090128
     0.23730469         -0.18958840
     0.23925781         -0.18827702
     0.24121094         -0.18696719
     0.24316406         -0.18565893
     0.24511719         -0.18435229
     0.24707031         -0.18304728
     0.24902344         -0.18174391
     0.25097656         -0.18044220
     0.25292969         -0.17914214
     0.25488281         -0.17784374
     0.25683594         -0.17654699
     0.25878906         -0.17525187
     0.26074219         -0.17395837
     0.26269531         -0.17266648
     0.26464844         -0.17137618
     0.26660156         -0.17008744
     0.26855469         -0.16880023
     0.27050781         -0.16751454
     0.27246094         -0.16623033
     0.27441406         -0.16494758
     0.27636719         -0.16366626
     0.27832031         -0.16238633
     0.28027344         -0.16110777
     0.28222656         -0.15983056
     0.28417969         -0.15855464
     0.28613281         -0.15728001
     0.28808594         -0.15600663
     0.29003906         -0.15473447
     0.29199219         -0.15346350
     0.29394531         -0.15219369
     0.29589844         -0.15092502
     0.29785156         -0.14965746
     0.29980469         -0.14839098
     0.30175781         -0.14712556
     0.30371094         -0.14586117
     0.30566406         -0.14459779
     0.30761719         -0.14333540
     0.30957031         -0.14207397
     0.31152344         -0.14081349
     0.31347656         -0.13955392
     0.31542969         -0.13829525
     0.31738281         -0.13703746
     0.31933594         -0.13578053
     0.32128906         -0.13452444
     0.32324219         -0.13326917
     0.32519531         -0.13201470
     0.32714844         -0.13076102
     0.32910156         -0.12950811
     0.33105469         -0.12825595
     0.33300781         -0.12700452
     0.33496094         -0.12575381
     0.33691406         -0.12450380
     0.33886719         -0.12325448
     0.34082031         -0.12200584
     0.34277344         -0.12075784
     0.34472656         -0.11951049
     0.34667969         -0.11826376
     0.34863281         -0.11701765
     0.35058594         -0.11577213
     0.35253906         -0.11452719
     0.35449219         -0.11328281
     0.35644531         -0.11203899
     0.35839844         -0.11079571
     0.36035156         -0.10955295
     0.36230469         -0.10831070
     0.36425781         -0.10706894
     0.36621094         -0.10582767
     0.36816406         -0.10458686
     0.37011719         -0.10334650
     0.37207031         -0.10210657
     0.37402344         -0.10086707
     0.37597656         -0.09962798
     0.37792969         -0.09838928
     0.37988281         -0.09715097
     0.38183594         -0.09591301
     0.38378906         -0.09467541
     0.38574219         -0.09343814
     0.38769531         -0.09220120
     0.38964844         -0.09096456
     0.39160156         -0.08972822
     0.39355469         -0.08849215
     0.39550781         -0.08725635
     0.39746094         -0.08602079
     0.39941406         -0.08478547
     0.40136719         -0.08355037
     0.40332031         -0.08231547
     0.40527344         -0.08108076
     0.40722656         -0.07984623
     0.40917969         -0.07861186
     0.41113281         -0.07737763
     0.41308594         -0.07614353
     0.41503906         -0.07490955
     0.41699219         -0.07367566
     0.41894531         -0.07244186
     0.42089844         -0.07120814
     0.42285156         -0.06997446
     0.42480469         -0.06874082
     0.42675781         -0.06750721
     0.42871094         -0.06627361
     0.43066406         -0.06504000
     0.43261719         -0.06380637
     0.43457031         -0.06257270
     0.43652344         -0.06133897
     0.43847656         -0.06010518
     0.44042969         -0.05887131
     0.44238281         -0.05763733
     0.44433594         -0.05640324
     0.44628906         -0.05516902
     0.44824219         -0.05393465
     0.45019531         -0.05270011
     0.45214844         -0.05146540
     0.45410156         -0.05023049
     0.45605469         -0.04899537
     0.45800781         -0.04776002
     0.45996094         -0.04652443
     0.46191406         -0.04528857
     0.46386719         -0.04405244
     0.46582031         -0.04281602
     0.46777344         -0.04157929
     0.46972656         -0.04034223
     0.47167969         -0.03910482
     0.47363281         -0.03786706
     0.47558594         -0.03662891
     0.47753906         -0.03539037
     0.47949219         -0.03415142
     0.48144531         -0.03291204
     0.48339844         -0.03167222
     0.48535156         -0.03043193
     0.48730469         -0.02919115
     0.48925781         -0.02794988
     0.49121094         -0.02670808
     0.49316406         -0.02546575
     0.49511719         -0.02422287
     0.49707031         -0.02297941
     0.49902344         -0.02173536
     0.50097656         -0.02049071
     0.50292969         -0.01924542
     0.50488281         -0.01799949
     0.50683594         -0.01675289
     0.50878906         -0.01550561
     0.51074219         -0.01425762
     0.51269531         -0.01300891
     0.51464844         -0.01175947
     0.51660156         -0.01050927
     0.51855469         -0.00925829
     0.52050781         -0.00800652
     0.52246094         -0.00675394
     0.52441406         -0.00550054
     0.52636719         -0.00424629
     0.52832031         -0.00299119
     0.53027344         -0.00173523
     0.53222656         -0.00047839
     0.53417969          0.00077933
     0.53613281          0.00203794
     0.53808594          0.00329747
     0.54003906          0.00455794
     0.54199219          0.00581938
     0.54394531          0.00708179
     0.54589844          0.00834522
     0.54785156          0.00960967
     0.54980469          0.01087518
     0.55175781          0.01214176
     0.55371094          0.01340943
     0.55566406          0.01467823
     0.55761719          0.01594817
     0.55957031          0.01721927
     0.56152344          0.01849156
     0.56347656          0.01976506
     0.56542969          0.02103979
     0.56738281          0.02231578
     0.56933594          0.02359305
     0.57128906          0.02487162
     0.57324219          0.02615152
     0.57519531          0.02743278
     0.57714844          0.02871541
     0.57910156          0.02999944
     0.58105469          0.03128489
     0.58300781          0.03257180
     0.58496094          0.03386019
     0.58691406          0.03515008
     0.58886719          0.03644150
     0.59082031          0.03773448
     0.59277344          0.03902904
     0.59472656          0.04032522
     0.59667969          0.04162303
     0.59863281          0.04292251
     0.60058594          0.04422368
     0.60253906          0.04552658
     0.60449219          0.04683123
     0.60644531          0.04813766
     0.60839844          0.04944590
     0.61035156          0.05075599
     0.61230469          0.05206795
     0.61425781          0.05338181
     0.61621094          0.05469760
     0.61816406          0.05601536
     0.62011719          0.05733511
     0.62207031          0.05865690
     0.62402344          0.05998074
     0.62597656          0.06130668
     0.62792969          0.06263474
     0.62988281          0.06396496
     0.63183594          0.06529737
     0.63378906          0.06663201
     0.63574219          0.06796892
     0.63769531          0.06930811
     0.63964844          0.07064964
     0.64160156          0.07199353
     0.64355469          0.07333982
     0.64550781          0.07468855
     0.64746094          0.07603975
     0.64941406          0.07739347
     0.65136719          0.07874973
     0.65332031          0.08010857
     0.65527344          0.08147003
     0.65722656          0.08283416
     0.65917969          0.08420098
     0.66113281          0.08557054
     0.66308594          0.08694287
     0.66503906          0.08831802
     0.66699219          0.08969603
     0.66894531          0.09107693
     0.67089844          0.09246077
     0.67285156          0.09384759
     0.67480469          0.09523742
     0.67675781          0.09663032
     0.67871094          0.09802632
     0.68066406          0.09942546
     0.68261719          0.10082780
     0.68457031          0.10223337
     0.68652344          0.10364221
     0.68847656          0.10505438
     0.69042969          0.10646992
     0.69238281          0.10788887
     0.69433594          0.10931127
     0.69628906          0.11073718
     0.69824219          0.11216664
     0.70019531          0.11359970
     0.70214844          0.11503641
     0.70410156          0.11647681
     0.70605469          0.11792096
     0.70800781          0.11936890
     0.70996094          0.12082068
     0.71191406          0.12227636
     0.71386719          0.12373598
     0.71582031          0.12519959
     0.71777344          0.12666725
     0.71972656          0.12813901
     0.72167969          0.12961492
     0.72363281          0.13109503
     0.72558594          0.13257940
     0.72753906          0.13406808
     0.72949219          0.13556112
     0.73144531          0.13705858
     0.73339844          0.13856051
     0.73535156          0.14006697
     0.73730469          0.14157802
     0.73925781          0.14309370
     0.74121094          0.14461407
     0.74316406          0.14613919
     0.74511719          0.14766912
     0.74707031          0.14920390
     0.74902344          0.15074360
     0.75097656          0.15228827
     0.75292969          0.15383796
     0.75488281          0.15539274
     0.75683594          0.15695265
     0.75878906          0.15851776
     0.76074219          0.16008812
     0.76269531          0.16166378
     0.76464844          0.16324480
     0.76660156          0.16483124
     0.76855469          0.16642315
     0.77050781          0.16802059
     0.77246094          0.16962361
     0.77441406          0.17123228
     0.77636719          0.17284665
     0.77832031          0.17446677
     0.78027344          0.17609272
     0.78222656          0.17772455
     0.78417969          0.17936233
     0.78613281          0.18100611
     0.78808594          0.18265597
     0.79003906          0.18431198
     0.79199219          0.18597422
     0.79394531          0.18764275
     0.79589844          0.18931767
     0.79785156          0.19099905
     0.79980469          0.19268699
     0.80175781          0.19438159
     0.80371094          0.19608295
     0.80566406          0.19779119
     0.80761719          0.19950642
     0.80957031          0.20122876
     0.81152344          0.20295837
     0.81347656          0.20469537
     0.81542969          0.20643994
     0.81738281          0.20819222
     0.81933594          0.20995241
     0.82128906          0.21172069
     0.82324219          0.21349725
     0.82519531          0.21528231
     0.82714844          0.21707609
     0.82910156          0.21887882
     0.83105469          0.22069074
     0.83300781          0.22251210
     0.83496094          0.22434315
     0.83691406          0.22618417
     0.83886719          0.22803541
     0.84082031          0.22989714
     0.84277344          0.23176964
     0.84472656          0.23365317
     0.84667969          0.23554799
     0.84863281          0.23745435
     0.85058594          0.23937247
     0.85253906          0.24130257
     0.85449219          0.24324484
     0.85644531          0.24519942
     0.85839844          0.24716644
     0.86035156          0.24914595
     0.86230469          0.25113800
     0.86425781          0.25314252
     0.86621094          0.25515941
     0.86816406          0.25718849
     0.87011719          0.25922947
     0.87207031          0.26128201
     0.87402344          0.26334561
     0.87597656          0.26541970
     0.87792969          0.26750358
     0.87988281          0.26959639
     0.88183594          0.27169716
     0.88378906          0.27380475
     0.88574219          0.27591789
     0.88769531          0.27803509
     0.88964844          0.28015474
     0.89160156          0.28227501
     0.89355469          0.28439391
     0.89550781          0.28650923
     0.89746094          0.28861859
     0.89941406          0.29071938
     0.90136719          0.29280880
     0.90332031          0.29488387
     0.90527344          0.29694135
     0.90722656          0.29897786
     0.90917969          0.30098977
     0.91113281          0.30297328
     0.91308594          0.30492440
     0.91503906          0.30683894
     0.91699219          0.30871255
     0.91894531          0.31054070
     0.92089844          0.31231870
     0.92285156          0.31404172
     0.92480469          0.31570479
     0.92675781          0.31730282
     0.92871094          0.31883060
     0.93066406          0.32028282
     0.93261719          0.32165409
     0.93457031          0.32293895
     0.93652344          0.32413190
     0.93847656          0.32522739
     0.94042969          0.32621988
     0.94238281          0.32710385
     0.94433594          0.32787389
     0.94628906          0.32852477
     0.94824219          0.32905165
     0.95019531          0.32945033
     0.95214844          0.32971781
     0.95410156          0.32985311
     0.95605469          0.32985867
     0.95800781          0.32974268
     0.95996094          0.32952261
     0.96191406          0.32923071
     0.96386719          0.32892209
     0.96582031          0.32868628
     0.96777344          0.32866333
     0.96972656          0.32906491
     0.97167969          0.33020128
     0.97363281          0.33251343
     0.97558594          0.33660911
     0.97753906          0.34329929
     0.97949219          0.35362929
     0.98144531          0.36889548
     0.98339844          0.39063460
     0.98535156          0.42056849
     0.98730469          0.46048329
     0.98925781          0.51202181
     0.99121094          0.57637525
     0.99316406          0.65388328
     0.99511719          0.74359863
     0.99707031          0.84294340
     0.99902344          0.94766167
