     0.00097656          0.01356872
     0.00292969          0.03920093
     0.00488281          0.06323826
     0.00683594          0.08554675
     0.00878906          0.10600318
     0.01074219          0.12453203
     0.01269531          0.14112423
     0.01464844          0.15584123
     0.01660156          0.16880780
     0.01855469          0.18019716
     0.02050781          0.19021250
     0.02246094          0.19906799
     0.02441406          0.20697208
     0.02636719          0.21411469
     0.02832031          0.22065906
     0.03027344          0.22673803
     0.03222656          0.23245407
     0.03417969          0.23788201
     0.03613281          0.24307324
     0.03808594          0.24806051
     0.04003906          0.25286259
     0.04199219          0.25748828
     0.04394531          0.26193978
     0.04589844          0.26621512
     0.04785156          0.27031003
     0.04980469          0.27421916
     0.05175781          0.27793691
     0.05371094          0.28145796
     0.05566406          0.28477756
     0.05761719          0.28789175
     0.05957031          0.29079735
     0.06152344          0.29349215
     0.06347656          0.29597477
     0.06542969          0.29824469
     0.06738281          0.30030220
     0.06933594          0.30214846
     0.07128906          0.30378534
     0.07324219          0.30521543
     0.07519531          0.30644194
     0.07714844          0.30746874
     0.07910156          0.30830030
     0.08105469          0.30894158
     0.08300781          0.30939805
     0.08496094          0.30967560
     0.08691406          0.30978045
     0.08886719          0.30971931
     0.09082031          0.30949911
     0.09277344          0.30912708
     0.09472656          0.30861063
     0.09667969          0.30795738
     0.09863281          0.30717508
     0.10058594          0.30627156
     0.10253906          0.30525473
     0.10449219          0.30413251
     0.10644531          0.30291277
     0.10839844          0.30160334
     0.11035156          0.30021192
     0.11230469          0.29874609
     0.11425781          0.29721324
     0.11621094          0.29562058
     0.11816406          0.29397504
     0.12011719          0.29228333
     0.12207031          0.29055184
     0.12402344          0.28878665
     0.12597656          0.28699353
     0.12792969          0.28517788
     0.12988281          0.28334474
     0.13183594          0.28149882
     0.13378906          0.27964441
     0.13574219          0.27778544
     0.13769531          0.27592549
     0.13964844          0.27406774
     0.14160156          0.27221501
     0.14355469          0.27036979
     0.14550781          0.26853421
     0.14746094          0.26671008
     0.14941406          0.26489891
     0.15136719          0.26310190
     0.15332031          0.26131999
     0.15527344          0.25955388
     0.15722656          0.25780403
     0.15917969          0.25607069
     0.16113281          0.25435392
     0.16308594          0.25265363
     0.16503906          0.25096958
     0.16699219          0.24930140
     0.16894531          0.24764861
     0.17089844          0.24601067
     0.17285156          0.24438696
     0.17480469          0.24277679
     0.17675781          0.24117945
     0.17871094          0.23959421
     0.18066406          0.23802032
     0.18261719          0.23645702
     0.18457031          0.23490359
     0.18652344          0.23335929
     0.18847656          0.23182343
     0.19042969          0.23029533
     0.19238281          0.22877435
     0.19433594          0.22725990
     0.19628906          0.22575141
     0.19824219          0.22424836
     0.20019531          0.22275027
     0.20214844          0.22125671
     0.20410156          0.21976727
     0.20605469          0.21828160
     0.20800781          0.21679938
     0.20996094          0.21532033
     0.21191406          0.21384421
     0.21386719          0.21237081
     0.21582031          0.21089994
     0.21777344          0.20943144
     0.21972656          0.20796520
     0.22167969          0.20650110
     0.22363281          0.20503906
     0.22558594          0.20357902
     0.22753906          0.20212092
     0.22949219          0.20066473
     0.23144531          0.19921043
     0.23339844          0.19775800
     0.23535156          0.19630743
     0.23730469          0.19485873
     0.23925781          0.19341190
     0.24121094          0.19196695
     0.24316406          0.19052389
     0.24511719          0.18908274
     0.24707031          0.18764352
     0.24902344          0.18620623
     0.25097656          0.18477089
     0.25292969          0.18333751
     0.25488281          0.18190612
     0.25683594          0.18047670
     0.25878906          0.17904929
     0.26074219          0.17762387
     0.26269531          0.17620046
     0.26464844          0.17477905
     0.26660156          0.17335964
     0.26855469          0.17194223
     0.27050781          0.17052682
     0.27246094          0.16911339
     0.27441406          0.16770193
     0.27636719          0.16629244
     0.27832031          0.16488489
     0.28027344          0.16347928
     0.28222656          0.16207557
     0.28417969          0.16067376
     0.28613281          0.15927383
     0.28808594          0.15787575
     0.29003906          0.15647950
     0.29199219          0.15508506
     0.29394531          0.15369240
     0.29589844          0.15230150
     0.29785156          0.15091234
     0.29980469          0.14952489
     0.30175781          0.14813912
     0.30371094          0.14675502
     0.30566406          0.14537255
     0.30761719          0.14399169
     0.30957031          0.14261241
     0.31152344          0.14123469
     0.31347656          0.13985851
     0.31542969          0.13848384
     0.31738281          0.13711065
     0.31933594          0.13573892
     0.32128906          0.13436863
     0.32324219          0.13299976
     0.32519531          0.13163227
     0.32714844          0.13026616
     0.32910156          0.12890138
     0.33105469          0.12753793
     0.33300781          0.12617578
     0.33496094          0.12481491
     0.33691406          0.12345530
     0.33886719          0.12209692
     0.34082031          0.12073975
     0.34277344          0.11938379
     0.34472656          0.11802899
     0.34667969          0.11667535
     0.34863281          0.11532285
     0.35058594          0.11397145
     0.35253906          0.11262116
     0.35449219          0.11127193
     0.35644531          0.10992377
     0.35839844          0.10857664
     0.36035156          0.10723053
     0.36230469          0.10588541
     0.36425781          0.10454128
     0.36621094          0.10319811
     0.36816406          0.10185589
     0.37011719          0.10051458
     0.37207031          0.09917419
     0.37402344          0.09783468
     0.37597656          0.09649604
     0.37792969          0.09515826
     0.37988281          0.09382130
     0.38183594          0.09248517
     0.38378906          0.09114983
     0.38574219          0.08981526
     0.38769531          0.08848146
     0.38964844          0.08714841
     0.39160156          0.08581607
     0.39355469          0.08448445
     0.39550781          0.08315351
     0.39746094          0.08182325
     0.39941406          0.08049363
     0.40136719          0.07916466
     0.40332031          0.07783630
     0.40527344          0.07650854
     0.40722656          0.07518136
     0.40917969          0.07385474
     0.41113281          0.07252867
     0.41308594          0.07120312
     0.41503906          0.06987809
     0.41699219          0.06855355
     0.41894531          0.06722948
     0.42089844          0.06590587
     0.42285156          0.06458269
     0.42480469          0.06325994
     0.42675781          0.06193759
     0.42871094          0.06061562
     0.43066406          0.05929402
     0.43261719          0.05797276
     0.43457031          0.05665184
     0.43652344          0.05533123
     0.43847656          0.05401092
     0.44042969          0.05269088
     0.44238281          0.05137110
     0.44433594          0.05005157
     0.44628906          0.04873226
     0.44824219          0.04741315
     0.45019531          0.04609424
     0.45214844          0.04477549
     0.45410156          0.04345690
     0.45605469          0.04213844
     0.45800781          0.04082010
     0.45996094          0.03950187
     0.46191406          0.03818371
     0.46386719          0.03686562
     0.46582031          0.03554758
     0.46777344          0.03422957
     0.46972656          0.03291158
     0.47167969          0.03159358
     0.47363281          0.03027556
     0.47558594          0.02895750
     0.47753906          0.02763939
     0.47949219          0.02632121
     0.48144531          0.02500294
     0.48339844          0.02368456
     0.48535156          0.02236607
     0.48730469          0.02104743
     0.48925781          0.01972865
     0.49121094          0.01840969
     0.49316406          0.01709056
     0.49511719          0.01577122
     0.49707031          0.01445166
     0.49902344          0.01313187
     0.50097656          0.01181184
     0.50292969          0.01049155
     0.50488281          0.00917097
     0.50683594          0.00785011
     0.50878906          0.00652895
     0.51074219          0.00520746
     0.51269531          0.00388564
     0.51464844          0.00256346
     0.51660156          0.00124093
     0.51855469         -0.00008199
     0.52050781         -0.00140529
     0.52246094         -0.00272902
     0.52441406         -0.00405318
     0.52636719         -0.00537781
     0.52832031         -0.00670291
     0.53027344         -0.00802851
     0.53222656         -0.00935462
     0.53417969         -0.01068127
     0.53613281         -0.01200847
     0.53808594         -0.01333624
     0.54003906         -0.01466460
     0.54199219         -0.01599357
     0.54394531         -0.01732317
     0.54589844         -0.01865342
     0.54785156         -0.01998433
     0.54980469         -0.02131593
     0.55175781         -0.02264824
     0.55371094         -0.02398128
     0.55566406         -0.02531506
     0.55761719         -0.02664960
     0.55957031         -0.02798494
     0.56152344         -0.02932108
     0.56347656         -0.03065805
     0.56542969         -0.03199587
     0.56738281         -0.03333456
     0.56933594         -0.03467414
     0.57128906         -0.03601463
     0.57324219         -0.03735606
     0.57519531         -0.03869844
     0.57714844         -0.04004180
     0.57910156         -0.04138616
     0.58105469         -0.04273153
     0.58300781         -0.04407795
     0.58496094         -0.04542543
     0.58691406         -0.04677399
     0.58886719         -0.04812366
     0.59082031         -0.04947447
     0.59277344         -0.05082642
     0.59472656         -0.05217955
     0.59667969         -0.05353388
     0.59863281         -0.05488942
     0.60058594         -0.05624621
     0.60253906         -0.05760427
     0.60449219         -0.05896362
     0.60644531         -0.06032428
     0.60839844         -0.06168628
     0.61035156         -0.06304964
     0.61230469         -0.06441438
     0.61425781         -0.06578053
     0.61621094         -0.06714812
     0.61816406         -0.06851716
     0.62011719         -0.06988768
     0.62207031         -0.07125971
     0.62402344         -0.07263328
     0.62597656         -0.07400839
     0.62792969         -0.07538509
     0.62988281         -0.07676339
     0.63183594         -0.07814333
     0.63378906         -0.07952492
     0.63574219         -0.08090820
     0.63769531         -0.08229318
     0.63964844         -0.08367989
     0.64160156         -0.08506837
     0.64355469         -0.08645863
     0.64550781         -0.08785071
     0.64746094         -0.08924462
     0.64941406         -0.09064040
     0.65136719         -0.09203807
     0.65332031         -0.09343767
     0.65527344         -0.09483920
     0.65722656         -0.09624271
     0.65917969         -0.09764822
     0.66113281         -0.09905576
     0.66308594         -0.10046535
     0.66503906         -0.10187702
     0.66699219         -0.10329081
     0.66894531         -0.10470673
     0.67089844         -0.10612481
     0.67285156         -0.10754510
     0.67480469         -0.10896760
     0.67675781         -0.11039235
     0.67871094         -0.11181938
     0.68066406         -0.11324872
     0.68261719         -0.11468039
     0.68457031         -0.11611442
     0.68652344         -0.11755085
     0.68847656         -0.11898970
     0.69042969         -0.12043099
     0.69238281         -0.12187477
     0.69433594         -0.12332104
     0.69628906         -0.12476986
     0.69824219         -0.12622123
     0.70019531         -0.12767520
     0.70214844         -0.12913179
     0.70410156         -0.13059103
     0.70605469         -0.13205294
     0.70800781         -0.13351757
     0.70996094         -0.13498493
     0.71191406         -0.13645505
     0.71386719         -0.13792796
     0.71582031         -0.13940370
     0.71777344         -0.14088228
     0.71972656         -0.14236374
     0.72167969         -0.14384812
     0.72363281         -0.14533542
     0.72558594         -0.14682570
     0.72753906         -0.14831897
     0.72949219         -0.14981526
     0.73144531         -0.15131461
     0.73339844         -0.15281704
     0.73535156         -0.15432258
     0.73730469         -0.15583128
     0.73925781         -0.15734315
     0.74121094         -0.15885823
     0.74316406         -0.16037655
     0.74511719         -0.16189814
     0.74707031         -0.16342305
     0.74902344         -0.16495131
     0.75097656         -0.16648295
     0.75292969         -0.16801801
     0.75488281         -0.16955653
     0.75683594         -0.17109856
     0.75878906         -0.17264413
     0.76074219         -0.17419330
     0.76269531         -0.17574610
     0.76464844         -0.17730258
     0.76660156         -0.17886281
     0.76855469         -0.18042682
     0.77050781         -0.18199469
     0.77246094         -0.18356645
     0.77441406         -0.18514219
     0.77636719         -0.18672195
     0.77832031         -0.18830580
     0.78027344         -0.18989382
     0.78222656         -0.19148607
     0.78417969         -0.19308262
     0.78613281         -0.19468355
     0.78808594         -0.19628894
     0.79003906         -0.19789887
     0.79199219         -0.19951340
     0.79394531         -0.20113262
     0.79589844         -0.20275661
     0.79785156         -0.20438545
     0.79980469         -0.20601921
     0.80175781         -0.20765796
     0.80371094         -0.20930178
     0.80566406         -0.21095072
     0.80761719         -0.21260485
     0.80957031         -0.21426422
     0.81152344         -0.21592887
     0.81347656         -0.21759882
     0.81542969         -0.21927410
     0.81738281         -0.22095471
     0.81933594         -0.22264063
     0.82128906         -0.22433183
     0.82324219         -0.22602825
     0.82519531         -0.22772981
     0.82714844         -0.22943640
     0.82910156         -0.23114788
     0.83105469         -0.23286408
     0.83300781         -0.23458478
     0.83496094         -0.23630974
     0.83691406         -0.23803866
     0.83886719         -0.23977120
     0.84082031         -0.24150696
     0.84277344         -0.24324551
     0.84472656         -0.24498632
     0.84667969         -0.24672885
     0.84863281         -0.24847246
     0.85058594         -0.25021644
     0.85253906         -0.25196003
     0.85449219         -0.25370239
     0.85644531         -0.25544259
     0.85839844         -0.25717964
     0.86035156         -0.25891247
     0.86230469         -0.26063991
     0.86425781         -0.26236073
     0.86621094         -0.26407362
     0.86816406         -0.26577719
     0.87011719         -0.26746998
     0.87207031         -0.26915049
     0.87402344         -0.27081715
     0.87597656         -0.27246836
     0.87792969         -0.27410251
     0.87988281         -0.27571800
     0.88183594         -0.27731329
     0.88378906         -0.27888690
     0.88574219         -0.28043754
     0.88769531         -0.28196411
     0.88964844         -0.28346583
     0.89160156         -0.28494235
     0.89355469         -0.28639388
     0.89550781         -0.28782139
     0.89746094         -0.28922678
     0.89941406         -0.29061318
     0.90136719         -0.29198524
     0.90332031         -0.29334954
     0.90527344         -0.29471495
     0.90722656         -0.29609319
     0.90917969         -0.29749936
     0.91113281         -0.29895259
     0.91308594         -0.30047666
     0.91503906         -0.30210067
     0.91699219         -0.30385974
     0.91894531         -0.30579552
     0.92089844         -0.30795665
     0.92285156         -0.31039889
     0.92480469         -0.31318496
     0.92675781         -0.31638386
     0.92871094         -0.32006950
     0.93066406         -0.32431866
     0.93261719         -0.32920796
     0.93457031         -0.33480980
     0.93652344         -0.34118731
     0.93847656         -0.34838821
     0.94042969         -0.35643779
     0.94238281         -0.36533124
     0.94433594         -0.37502565
     0.94628906         -0.38543227
     0.94824219         -0.39640952
     0.95019531         -0.40775741
     0.95214844         -0.41921408
     0.95410156         -0.43045507
     0.95605469         -0.44109580
     0.95800781         -0.45069788
     0.95996094         -0.45877941
     0.96191406         -0.46482938
     0.96386719         -0.46832624
     0.96582031         -0.46876006
     0.96777344         -0.46565779
     0.96972656         -0.45861035
     0.97167969         -0.44730035
     0.97363281         -0.43152880
     0.97558594         -0.41123887
     0.97753906         -0.38653526
     0.97949219         -0.35769737
     0.98144531         -0.32518513
     0.98339844         -0.28963629
     0.98535156         -0.25185398
     0.98730469         -0.21278306
     0.98925781         -0.17347369
     0.99121094         -0.13503102
     0.99316406         -0.09855181
     0.99511719         -0.06505234
     0.99707031         -0.03539320
     0.99902344         -0.01020206
